array_id,avg_samp_frac,true_corr_uz1,true_corr_z1z2,is_u_latent,true_mean_y,n_sim,pop_size,seed,true_log_or_samp_z2,true_log_or_samp_y,true_baseline_log_odds_samp,sim_id,mean_y,var_y,bar_s,AUC_selection,pR2_selection,CV_selection,RInd,mean_yhat,n_samp,mean_yhat_samp,var_yhat_samp,cor_yhaty_samp,mean_y_samp,var_y_samp,cor_yinv_propensity_samp,var_inv_propensity_samp,FMI,SMUB0,SMUB50,SMUB100,eb,steb
797,0.25,0.25,0,FALSE,0,167,1e4,797,0.25,-0.25,NA,1,0.005887622903206577,1.0821748122744477,0.2576,0.5709962924508728,0.01823450974577937,0.18983829903392413,0.9021953083377223,-0.16917838478533065,2576,-0.16494173978044624,0.05607782085577619,0.23086294667896504,-0.1649417397804461,1.0521621139128754,-0.023988603140469824,0.5719478887509496,0.7068303838842926,0.004130291898297362,0.017890666119067138,0.07749474905535907,-0.17082936268365267,-0.16421537255365784
797,0.25,0.25,0,FALSE,0,167,1e4,797,0.25,-0.25,NA,2,0.005629321524377337,1.047747985201261,0.251,0.5654519970850909,0.01413421582401785,0.16942194959615245,0.9149501813027314,-0.16269942873769017,2510,-0.17448067415003068,0.060596425761023934,0.2443021454752162,-0.1744806741500306,1.0152954651061343,0.06633608450840829,0.4995819438671627,0.6657444322837143,-0.011692166186779365,-0.04785944946998226,-0.1959026981809191,-0.18010999567440794,-0.17595815461681774
797,0.25,0.25,0,FALSE,0,167,1e4,797,0.25,-0.25,NA,3,0.010242727081079754,1.0572587403820628,0.2488,0.5723720931825264,0.01755895344489491,0.18988866989299083,0.9055113978612478,-0.19590844160359655,2488,-0.1939123112760019,0.07489800832142689,0.26962654947314113,-0.19391231127600184,1.0302555466935104,-0.010592393695830518,0.5967403366566842,0.6998459329503438,0.001966601709472583,0.007293798453139668,0.027051484608589114,-0.2041550383570816,-0.19854980290985713
797,0.25,0.25,0,FALSE,0,167,1e4,797,0.25,-0.25,NA,4,0.01759919814390964,1.0346359215606744,0.2424,0.5659728393641899,0.014529818247510339,0.17492994328344108,0.9151939634961878,-0.1544005360337745,2424,-0.16206721039582375,0.08057176633474637,0.2832630458964291,-0.1620672103958241,1.004160290124978,0.04806162039995613,0.5658175071701728,0.7657525929791289,-0.007650776155929557,-0.027009439694886814,-0.0953510882770159,-0.17966640853973376,-0.17663351448817152
797,0.25,0.25,0,FALSE,0,167,1e4,797,0.25,-0.25,NA,5,-0.0045138249532080945,1.0302994099513472,0.2561,0.5724648460609915,0.018315907024562494,0.1907229486104807,0.9023117057217118,-0.1718894497278435,2561,-0.18115102301211333,0.06370697127720835,0.25047039874621013,-0.18115102301211392,1.0154864766839333,0.04747201195722892,0.5851150097001929,0.7692890010729136,-0.009190681063466679,-0.03669368160658044,-0.14649907450245417,-0.17663719805890582,-0.17402051175013786
797,0.25,0.25,0,FALSE,0,167,1e4,797,0.25,-0.25,NA,6,-0.005934905856516673,1.0583246659622116,0.2492,0.5660820272180515,0.015158984075281927,0.17615075645533587,0.9122064629826606,-0.1575851342642981,2492,-0.16917020833875954,0.05170347985935537,0.21932927632141108,-0.16917020833875956,1.0747972895955666,0.06957628324990783,0.5037936943687172,0.7730223540039541,-0.01117469127669214,-0.050949382882732194,-0.2322963160105885,-0.16323530248224288,-0.15867358322483574
797,0.25,0.25,0,FALSE,0,167,1e4,797,0.25,-0.25,NA,7,-0.011990966817578412,1.0780928322468533,0.2526,0.5670023725425762,0.01621480550747162,0.18105491710525162,0.9085310558784269,-0.20019858511148972,2526,-0.21324394979198277,0.07049567143807899,0.25974795278826,-0.21324394979198294,1.0448601951451455,0.0834482067663492,0.5419179666914661,0.7427507411403411,-0.012762246594465041,-0.049133194150209544,-0.18915719497609162,-0.20125298297440453,-0.19382698793733014
797,0.25,0.25,0,FALSE,0,167,1e4,797,0.25,-0.25,NA,8,-0.0010067755052329751,1.064306233558897,0.2524,0.5655363406959322,0.015712682376489127,0.17810642884834102,0.9100918747173574,-0.1720336202055775,2524,-0.1761812087340444,0.0624743668135984,0.2423050785444952,-0.1761812087340439,1.0640862460306362,0.026657872381338658,0.48745566310801736,0.7666109806740758,-0.0040207516586129605,-0.01659375726982387,-0.06848291158196548,-0.1751744332288109,-0.16979989530388492
797,0.25,0.25,0,FALSE,0,167,1e4,797,0.25,-0.25,NA,9,-0.020020607915880475,1.0712055813427341,0.2476,0.5831821746072235,0.024379473364238666,0.2247821757856441,0.888687866550949,-0.20060234879084313,2476,-0.21366746098693154,0.056484941394845965,0.23438726840292312,-0.21366746098693187,1.0281693353231756,0.0590144586335735,0.84944156424302,0.7257852535661566,-0.012884893107639711,-0.054972666371494006,-0.23453776626208775,-0.1936468530710514,-0.18710010460283677
797,0.25,0.25,0,FALSE,0,167,1e4,797,0.25,-0.25,NA,10,-0.0037605240182254787,1.0667658042313346,0.2447,0.5770372679299764,0.020932667015019932,0.20902653861240772,0.8977024120030876,-0.18437735122679075,2447,-0.20288228006471953,0.06078061818656207,0.24188961429202155,-0.20288228006471995,1.038796957246787,0.08051221147889054,0.7944455747552411,0.8256937912234164,-0.018156079883458468,-0.07505936100894152,-0.3103041907302643,-0.19912175604649446,-0.19278985238123067
797,0.25,0.25,0,FALSE,0,167,1e4,797,0.25,-0.25,NA,11,0.004910605785584188,1.0555274310632519,0.2405,0.5676185366507948,0.015275893525314672,0.18027420452299803,0.9132881076244379,-0.18123538440188317,2405,-0.1814692783004561,0.05340711462533035,0.22678946166752503,-0.18146927830045576,1.0383729716962846,0.005268086032268028,0.5624577845932337,0.7554635055357036,-2.295314526540858e-4,-0.0010120904691355568,-0.004462687382799509,-0.18637988408603995,-0.18141127480005517
797,0.25,0.25,0,FALSE,0,167,1e4,797,0.25,-0.25,NA,12,0.006096761273052629,1.0850392336217622,0.2377,0.5809639869952716,0.023325249947410573,0.22465523605992316,0.8931989007771125,-0.1814080148160733,2377,-0.19615878313426247,0.07635307307923098,0.26208887785392376,-0.19615878313426302,1.1115508588840677,0.062313993720179074,0.9306139708049135,0.7348988814882974,-0.01399103917301956,-0.05338280390828916,-0.2036820652040117,-0.20225554440731566,-0.1941680256914842
797,0.25,0.25,0,FALSE,0,167,1e4,797,0.25,-0.25,NA,13,0.002065196990230809,1.0734222356528602,0.2493,0.5755201015487564,0.019960701705498685,0.2022167168251064,0.8991747449910019,-0.19796377216805322,2493,-0.20988624718886945,0.07756405270152014,0.266458527164991,-0.20988624718886942,1.0924491893012103,0.052488593175575846,0.670902779210253,0.7501571716774713,-0.011406851765674457,-0.04280910762000624,-0.16065955207167704,-0.21195144417910022,-0.2045743059357911
797,0.25,0.25,0,FALSE,0,167,1e4,797,0.25,-0.25,NA,14,-0.0027203205838177875,1.05664966311762,0.2585,0.5661394710653689,0.014769852176296054,0.1705677603015976,0.911816467924074,-0.1953928786358934,2585,-0.1992164607664709,0.06859084017154253,0.25280163228116215,-0.19921646076647115,1.073263537373449,0.019527507718807596,0.4421817754862872,0.7110635958748677,-0.003690772157736906,-0.014599479142729922,-0.05775073131842995,-0.19649614018265335,-0.19115625537813888
797,0.25,0.25,0,FALSE,0,167,1e4,797,0.25,-0.25,NA,15,0.0030997461247592316,1.0551859371453771,0.2577,0.5646369078770214,0.01601724467548681,0.17777084046211555,0.9083769088258257,-0.1686201818685967,2577,-0.16721425414612964,0.0713987331132777,0.261623047495483,-0.16721425414612942,1.0431301673685442,-0.012272488240488696,0.4804936180845435,0.745621485612073,0.0013765555503162618,0.0052615989435717755,0.020111373955548083,-0.17031400027088867,-0.16580050626746654
797,0.25,0.25,0,FALSE,0,167,1e4,797,0.25,-0.25,NA,16,-0.0061657886759658,1.0814110834174226,0.2503,0.5657666182733581,0.015624997145113013,0.17844895438270633,0.9106684534360172,-0.20925530259377623,2503,-0.22183866733386434,0.05502876105766535,0.22890796826921267,-0.22183866733386468,1.0501900847472927,0.06420721245018564,0.5266127701286154,0.7321375375017154,-0.012278995165853021,-0.05364162400590623,-0.23433707621230432,-0.2156728786578989,-0.207395881028347
797,0.25,0.25,0,FALSE,0,167,1e4,797,0.25,-0.25,NA,17,0.005726350608384537,1.066124877870639,0.2546,0.5684288353749027,0.017291455206118456,0.18597837830871458,0.9052998097652025,-0.20298879043187065,2546,-0.2086409380840624,0.06699938785145837,0.25161108691891837,-0.2086409380840622,1.0583060700522315,0.03650145311159932,0.5791128193054731,0.7044040404460918,-0.0054942428913169385,-0.02183625117078985,-0.0867857272832599,-0.21436728869244673,-0.20761296758183206
797,0.25,0.25,0,FALSE,0,167,1e4,797,0.25,-0.25,NA,18,0.007172644862282137,1.061525648549659,0.2523,0.566471172183943,0.01448691941175125,0.17103790525471527,0.9136942730084707,-0.16967705515799375,2523,-0.17247779019490123,0.049593388329471105,0.21946536822694962,-0.17247779019490136,1.0296551242490104,0.012483883657845075,0.48029833654567006,0.7271871077546554,-0.0027601083556125783,-0.012576509806131892,-0.0573052136094953,-0.1796504350571835,-0.17436649078839483
797,0.25,0.25,0,FALSE,0,167,1e4,797,0.25,-0.25,NA,19,0.023388424771545856,1.0597067917339473,0.2503,0.5736749620609997,0.018784287405451662,0.19569151875551866,0.9020368257109873,-0.15894290823142537,2503,-0.16282878758467575,0.06083172692380172,0.24233186538763124,-0.16282878758467623,1.0358791574614747,0.014002909083677205,0.6283537404340084,0.7495406917932129,-0.0038179898129337858,-0.015755211584851103,-0.06501502210470443,-0.18621721235622207,-0.18089516626767543
797,0.25,0.25,0,FALSE,0,167,1e4,797,0.25,-0.25,NA,20,0.0053441670757257516,1.0639688332218922,0.2573,0.5599007957803146,0.013077815360896429,0.16073281994470157,0.9172868908564565,-0.16560482524654738,2573,-0.17274819827367785,0.053400094799522846,0.22863582274720481,-0.1727481982736778,1.0215355252351463,0.034799483397060856,0.4113665273246023,0.6738877518222,-0.007067675353089658,-0.03091237089694451,-0.13520353252396194,-0.17809236534940354,-0.172655671494606
797,0.25,0.25,0,FALSE,0,167,1e4,797,0.25,-0.25,NA,21,-0.01093970820516456,1.0536461479510881,0.2461,0.564784965666008,0.015488729413489073,0.17926653224847675,0.9117650128272997,-0.2160297722466787,2461,-0.22052007389322092,0.07215410044813772,0.267292527526503,-0.22052007389322095,1.0099209496431867,0.026654379798694,0.5341749608883593,0.761906362730299,-0.00446819199450286,-0.01671648674899759,-0.0625400451845407,-0.20958036568805638,-0.20417529978829815
797,0.25,0.25,0,FALSE,0,167,1e4,797,0.25,-0.25,NA,22,-0.005713937401481202,1.0521864882478014,0.2536,0.5691585646856753,0.016030748466310422,0.17950513427157366,0.9089549958974579,-0.1612837435405866,2536,-0.16651299983673845,0.06734987284901921,0.2549197805542928,-0.16651299983673806,1.0364054981257116,0.022514857718363066,0.5034204833590165,0.7727129350023705,-0.005136592033269454,-0.02014983702755645,-0.07904383482420634,-0.16079906243525685,-0.1567606847869658
797,0.25,0.25,0,FALSE,0,167,1e4,797,0.25,-0.25,NA,23,0.014347602530608227,1.0613692805760282,0.2538,0.5809343383941205,0.022833470290385717,0.21443358768200485,0.8911535108926143,-0.15786253297070035,2538,-0.17613573622502596,0.05299242259267457,0.23222566980685747,-0.17613573622502568,0.9826374814708623,0.08596514633904767,0.7689705725683633,0.7894410351535414,-0.018433933738793786,-0.07937939743752413,-0.3418200817486892,-0.19048333875563392,-0.18489439159350657
797,0.25,0.25,0,FALSE,0,167,1e4,797,0.25,-0.25,NA,24,-0.0013476364148254977,1.0568559482740465,0.2504,0.5647237099402962,0.014669461225148981,0.1727499218361989,0.9134868391444316,-0.1897871630145892,2504,-0.1970035770535496,0.06215649636916991,0.24528489658833144,-0.1970035770535496,1.033106065858827,0.037671485701285916,0.5014802458422253,0.8096766348734937,-0.007099846952542992,-0.028945308297798972,-0.11800689198723352,-0.1956559406387241,-0.1903203118935934
797,0.25,0.25,0,FALSE,0,167,1e4,797,0.25,-0.25,NA,25,0.01444287330185541,1.0513210469303604,0.2472,0.5691583406845296,0.016129244354797696,0.18243500502563958,0.9098041335153237,-0.17879890226047054,2472,-0.18519142157306845,0.05525845566597463,0.23796337529701023,-0.18519142157306792,0.9758397450965371,0.0321433929396004,0.5565271865361794,0.7257103137530967,-0.006471169827550679,-0.027193973944409686,-0.1142779804264751,-0.19963429487492335,-0.19470068108061558
797,0.25,0.25,0,FALSE,0,167,1e4,797,0.25,-0.25,NA,26,0.004216536105017556,1.0525081941480006,0.241,0.57292514719630006,0.018822267723524775,0.2001319464214725,0.9035364018248503,-0.16475052925715317,2410,-0.17598273110082216,0.04852949529783559,0.21478642203363035,-0.17598273110082208,1.0519428056053308,0.040651177413024125,0.6789675419949305,0.8019607158259494,-0.010951379660989136,-0.050987299650042193,-0.23738604687990386,-0.18019926720583962,-0.17564681442554436
797,0.25,0.25,0,FALSE,0,167,1e4,797,0.25,-0.25,NA,27,-0.0044783320712268575,1.0564348646532586,0.2545,0.5833079419542797,0.023551852630678098,0.21751463005024846,0.8892850533044235,-0.2320936818426888,2545,-0.2389310247798301,0.0799024095907428,0.276352832294762,-0.23893102477983083,1.0462417259994206,0.029513232313456,0.7323031158750349,0.7228393043312179,-0.006684537205818146,-0.024188415766581765,-0.08752729460279982,-0.23445269270860397,-0.22810450486243802
797,0.25,0.25,0,FALSE,0,167,1e4,797,0.25,-0.25,NA,28,-0.011692913009512569,1.04653850479682,0.2511,0.5620082160592472,0.014344255593038781,0.17061344100793183,0.9143179299258166,-0.22296073800285324,2511,-0.23831735708567955,0.072210001326353,0.26844402797935435,-0.23831735708567972,1.00205107776967,0.0912018153703345,0.46057378050319625,0.7493178252724575,-0.015340894458008321,-0.05714746039792015,-0.21288408175098342,-0.22662444407616716,-0.2215282648657951
797,0.25,0.25,0,FALSE,0,167,1e4,797,0.25,-0.25,NA,29,-0.0017714696008539511,1.0645158930855205,0.2539,0.5725169595299786,0.01820103738048991,0.19127713144854472,0.9028694726504289,-0.16900280547451002,2539,-0.18539178251604954,0.06033917152923902,0.24485489544040967,-0.18539178251604962,1.0064257968328763,0.08357097667899785,0.5876512764505689,0.7960894233116715,-0.01633657334000587,-0.06671940665356925,-0.2724854920035967,-0.18362031291519568,-0.177969118059484
797,0.25,0.25,0,FALSE,0,167,1e4,797,0.25,-0.25,NA,30,0.018092066771553065,1.0671835855257732,0.2471,0.5734312956581376,0.018728966422410356,0.19675973384972456,0.9027613395314662,-0.17516702400093648,2471,-0.1715274104040357,0.06678881080627418,0.25022717869151956,-0.17152741040403585,1.0666814736631614,-0.013960676872510028,0.6898681679787082,0.750222419729553,0.003524016252521431,0.014083267337101874,0.05628192513197676,-0.1896194771755889,-0.18355379855707066
797,0.25,0.25,0,FALSE,0,167,1e4,797,0.25,-0.25,NA,31,-0.0023225129183778634,1.04790289119188,0.2522,0.5703535817143982,0.016925247103033433,0.18505692456102532,0.9066572872514188,-0.21765770234106843,2522,-0.22985898212414,0.06210519219336097,0.24943854102011542,-0.22985898212414027,0.998161454283071,0.06967202298033558,0.5746600167296331,0.7324288281375402,-0.012212511578416662,-0.04896000244578007,-0.19628082430866925,-0.2275364692057624,-0.2222749367567838
797,0.25,0.25,0,FALSE,0,167,1e4,797,0.25,-0.25,NA,32,-0.012364137196579254,1.0710447989033585,0.2442,0.5659174835544245,0.014592012045519982,0.1746960580704837,0.9146784452383758,-0.21710115437515037,2442,-0.2267530215585522,0.07418098450993764,0.26489994066490236,-0.22675302155855226,1.0571311516034396,0.05744062268720234,0.5322150961368751,0.7308405846833032,-0.009387434108512163,-0.03543766029146544,-0.1337775320089406,-0.214388884361973,-0.2071564433324387
797,0.25,0.25,0,FALSE,0,167,1e4,797,0.25,-0.25,NA,33,1.5086078935023597e-4,1.05923584143595,0.2538,0.5821534915333566,0.023508987911792796,0.21758019626145864,0.8895562923776836,-0.19461135094889725,2538,-0.21331143557921903,0.04485380906890315,0.20733270128554487,-0.21331143557921917,1.0434309582814736,0.07969991376944627,0.7529036208241479,0.7998612873740656,-0.018306769485105956,-0.08829658501334683,-0.42586907162195364,-0.2134622963685694,-0.20740768463421147
797,0.25,0.25,0,FALSE,0,167,1e4,797,0.25,-0.25,NA,34,0.007517964236002597,1.0625628092819557,0.2464,0.5823822168741556,0.024643466027860904,0.22631393805873828,0.8884724913246538,-0.17830665906102167,2464,-0.1747261183382543,0.059023381632218555,0.2403715863089457,-0.1747261183382545,1.0215457676854183,-0.01681946820779997,0.8871727532499329,0.7302975490322733,0.003542580298659288,0.01473793285245481,0.06131312389606808,-0.1822440825742571,-0.17679750432401475
797,0.25,0.25,0,FALSE,0,167,1e4,797,0.25,-0.25,NA,35,-0.01575733452251733,1.047627853020292,0.2472,0.571297012190089,0.017631892979434655,0.19091826750965746,0.9056100085432254,-0.17457792590833923,2472,-0.18707742179965128,0.05564525935857263,0.2311605881872437,-0.1870774217996514,1.0413592744563114,0.052679389756900556,0.599175518100415,0.7418454951963894,-0.012248762207204921,-0.05298810797835154,-0.2292263936248092,-0.17132008727713408,-0.1673804645142769
797,0.25,0.25,0,FALSE,0,167,1e4,797,0.25,-0.25,NA,36,0.00518052646841672,1.0964313404728765,0.2495,0.5712599616287872,0.017802329651783542,0.1909050594381747,0.9047383753403508,-0.189487261733103,2495,-0.19660421535178932,0.06425303498498224,0.24805464413376926,-0.19660421535178946,1.0442366254164137,0.033494278453447573,0.5850194624659131,0.7504276048573967,-0.006964575885162607,-0.02807678086207004,-0.11318788632285788,-0.20178474182020617,-0.1927070499180784
797,0.25,0.25,0,FALSE,0,167,1e4,797,0.25,-0.25,NA,37,-0.016521036309297212,1.0571471772204835,0.2436,0.5743447919841544,0.019753532491056314,0.20376505966592626,0.9007256629307607,-0.19627603331325127,2436,-0.20200886095545734,0.061465715396799764,0.2438565231064122,-0.20200886095545764,1.0336278109406491,0.03027509559346683,0.6832404434294448,0.7388342718172145,-0.005638801308928169,-0.0231234384756136,-0.09482394885751395,-0.18548782464616043,-0.18040463058124367
797,0.25,0.25,0,FALSE,0,167,1e4,797,0.25,-0.25,NA,38,0.0018064991247089904,1.0858583433164604,0.2466,0.5690414861118377,0.015906121595220698,0.1815026640717942,0.9104828860797911,-0.19068532891838275,2466,-0.20115519994484538,0.07505871069620086,0.2575961712021744,-0.20115519994484551,1.1311554517973772,0.0469194312773866,0.5445649057237442,0.7608457478285497,-0.009844194488644016,-0.03821560872858549,-0.14835472340383493,-0.2029616990695545,-0.19477243939853092
797,0.25,0.25,0,FALSE,0,167,1e4,797,0.25,-0.25,NA,39,0.02108969001164876,1.064762993890185,0.2453,0.5772491570827976,0.0219571717045424,0.21405217147197822,0.8949860046758475,-0.17436096801789044,2453,-0.17787600270375253,0.05609873223087722,0.23861589592776095,-0.17787600270375273,0.9852678307977447,0.019056431838434883,0.8269624382987406,0.6875340002508564,-0.0035412163712885696,-0.014840655764026066,-0.06219474903934714,-0.1989656927154015,-0.1928198425600716
797,0.25,0.25,0,FALSE,0,167,1e4,797,0.25,-0.25,NA,40,0.0017356756240845708,1.0811701869537473,0.2478,0.5756456337170986,0.020522660627401858,0.20602325402176766,0.8978948753068119,-0.179019202394137,2478,-0.19695934265229353,0.07248075796023012,0.2650379113856236,-0.19695934265229353,1.0318266137356893,0.080673149534052635,0.6968960934716258,0.6828625672132324,-0.01766129201940591,-0.0666368517887585,-0.2514238489142164,-0.19869501827637812,-0.1910908744115189
797,0.25,0.25,0,FALSE,0,167,1e4,797,0.25,-0.25,NA,41,0.02223914019763372,1.0674513241546315,0.243,0.5732711156775445,0.0188502371303249,0.19939438866035653,0.9030943271110667,-0.18495186784360515,2430,-0.19372387412740658,0.06907170748043319,0.25330089256972965,-0.1937238741274063,1.076531524080247,0.050742787903407964,0.6787871481709351,0.7156863391009363,-0.008454453857811942,-0.03337711830401295,-0.13176865649940328,-0.21596301432504,-0.20902842123635504
797,0.25,0.25,0,FALSE,0,167,1e4,797,0.25,-0.25,NA,42,-0.013795692751149299,1.0483199044995786,0.2521,0.573940658065776,0.018249377286522178,0.1920355854372351,0.903175657822546,-0.1817717841325258,2521,-0.1879385019012146,0.06036594199882315,0.23600864839011704,-0.1879385019012148,1.0837675584439168,0.03904125883178785,0.5919571095569695,0.7950763536626787,-0.005923603748116643,-0.02509909610738102,-0.10634820494328993,-0.1741428091500655,-0.17008210805022667
797,0.25,0.25,0,FALSE,0,167,1e4,797,0.25,-0.25,NA,43,-0.006550060203369188,1.077061788650384,0.2442,0.567914461768656,0.01700632259061098,0.1886746592377632,0.9078512964282764,-0.1797779333610989,2442,-0.1982556057274508,0.0714315465068205,0.25508580407346154,-0.19825560572745127,1.097785455562875,0.10103595195438848,0.6333603923941965,0.6831574455254357,-0.017635530402194247,-0.06913567952654642,-0.2710291142138047,-0.1917055455240821,-0.18472019006258505
797,0.25,0.25,0,FALSE,0,167,1e4,797,0.25,-0.25,NA,44,-0.0035051139454375145,1.0485344235586975,0.244,0.5768755963223177,0.020391857388673513,0.20680466490631927,0.8990793235257162,-0.216429203055719,2440,-0.22602079624049665,0.06414596128841007,0.2517093404938571,-0.2260207962404965,1.0124431685379456,0.047641472113410785,0.7485105657438273,0.6628878296849623,-0.009532469475603622,-0.03787094057336446,-0.15045504667828838,-0.222515682295059,-0.2173047791429688
797,0.25,0.25,0,FALSE,0,167,1e4,797,0.25,-0.25,NA,45,0.008847876134288597,1.0515220146567126,0.2537,0.5780384385858159,0.02159147238532912,0.20835006410428844,0.8942831774734841,-0.1953708185742113,2537,-0.20112272596511716,0.06309576712420535,0.2456366969655659,-0.20112272596511668,1.0457159378280543,0.025250282962910948,0.7244554864843269,0.6937754638562089,-0.005624773274690143,-0.02289874983736099,-0.09322202309441983,-0.20997060209940527,-0.20476197453881403
797,0.25,0.25,0,FALSE,0,167,1e4,797,0.25,-0.25,NA,46,-0.007240728155509453,1.0728586947446934,0.2495,0.5758139596982106,0.02062925476975102,0.2055067326661098,0.8974521403996112,-0.2012160853765271,2495,-0.218241247565186,0.06003567696963581,0.24016442206510347,-0.21824124756518576,1.0408594012036896,0.08248447552840438,0.720096480223234,0.6869859857216086,-0.016687651568507263,-0.06948427841649084,-0.2893196161988354,-0.21100051940967632,-0.20370995919507912
797,0.25,0.25,0,FALSE,0,167,1e4,797,0.25,-0.25,NA,47,-0.0033820638019606366,1.0765974438807648,0.2446,0.578204683163209,0.02195526054505754,0.21439658108934048,0.8951171925310947,-0.16105820242940838,2446,-0.1751600580180517,0.049260117442731455,0.21588091425301187,-0.1751600580180516,1.056980428165982,0.06095882262751598,0.8068111989883654,0.7180240247798378,-0.013716483648367212,-0.0635372686642022,-0.29431628490203954,-0.17177799421609097,-0.1655544486137674
797,0.25,0.25,0,FALSE,0,167,1e4,797,0.25,-0.25,NA,48,0.006287937532942126,1.0608507786172736,0.2543,0.5601876766155582,0.012363938095606477,0.15715903547973586,0.9200689145550063,-0.20918986201871373,2543,-0.2125281890774155,0.07464849125997386,0.26466453336585954,-0.21252818907741566,1.0656866865437862,0.028567341681852015,0.3956192118915214,0.7919707173280581,-0.003233807117000778,-0.012218513285006413,-0.04616603943723781,-0.2188161266103578,-0.21244776977642355
797,0.25,0.25,0,FALSE,0,167,1e4,797,0.25,-0.25,NA,49,0.0011629346855629072,1.0602058719550123,0.2476,0.5803710839368946,0.02215820845808279,0.2137886830673274,0.8941318441450594,-0.1880013304198687,2476,-0.18870798905067598,0.07279431930116971,0.2615360641218715,-0.1887079890506763,1.0642271197446798,0.001224787527249832,0.7388249408972498,0.7543455265198566,-6.85003052297208e-4,-0.0026191533263191106,-0.010014501575960967,-0.1898709237362392,-0.1844010376906328
797,0.25,0.25,0,FALSE,0,167,1e4,797,0.25,-0.25,NA,50,0.0037002073026365383,1.0689393453730818,0.2453,0.57146383276298,0.017729633003190557,0.19215390370626942,0.9057292948417042,-0.17218836480594213,2453,-0.18377510490949117,0.06264935333512797,0.2392665564840931,-0.18377510490949112,1.0943408070709495,0.05080226018004151,0.6347829917732624,0.805916566609363,-0.01107605155660208,-0.046291682880212466,-0.1934732691457029,-0.18747531221212765,-0.18132912009003846
797,0.25,0.25,0,FALSE,0,167,1e4,797,0.25,-0.25,NA,51,0.017523123107406273,1.0669926200771007,0.2454,0.5765634993717424,0.019315345477118512,0.20063069655062934,0.9015304541329512,-0.16632083661275732,2454,-0.17188320926517622,0.07522497884257508,0.2710993615204403,-0.1718832092651763,1.0235406249625478,0.032492426024855754,0.6973531154213115,0.6481664843467819,-0.005498035488474922,-0.020280518027189755,-0.07480843154129173,-0.1894063323725826,-0.18336387858805758
797,0.25,0.25,0,FALSE,0,167,1e4,797,0.25,-0.25,NA,52,-0.0012915600885389344,1.058630245167124,0.2498,0.5689619410804571,0.01608647531407094,0.1813066164233166,0.909419214434911,-0.18732889628137397,2498,-0.1984835751015794,0.06414623264637112,0.2479758500094056,-0.19848357510157894,1.0431634928247098,0.06124098015092211,0.5383194642726085,0.6559866347843883,-0.010921464542277557,-0.04404245228663723,-0.1776078286856027,-0.19719201501304,-0.19165368589217333
797,0.25,0.25,0,FALSE,0,167,1e4,797,0.25,-0.25,NA,53,-0.0055114067279891975,1.0682591798490024,0.2442,0.5679924553965305,0.0157109184447481,0.18130271192945527,0.9114517554936541,-0.21298959199488526,2442,-0.216618064116629,0.06829992767811306,0.25930964785903016,-0.216618064116629,1.0157407896623791,0.012057471361838752,0.5609265258152829,0.7988010671391389,-0.003600247389516199,-0.01388397006914845,-0.053542049760895376,-0.21110665738863982,-0.20425072771272643
797,0.25,0.25,0,FALSE,0,167,1e4,797,0.25,-0.25,NA,54,9.694225967695063e-4,1.0925260920145463,0.2415,0.5698744252508834,0.01640500654204808,0.18627143882999572,0.910030895045112,-0.17703426973403966,2415,-0.18189036384448828,0.05614228123135935,0.22778798906940212,-0.18189036384448865,1.0820028734162543,0.015219047340141461,0.659649067147598,0.8430338372081042,-0.004668451890568614,-0.020494723666690945,-0.08997280212367405,-0.18285978644125814,-0.1749453080376057
797,0.25,0.25,0,FALSE,0,167,1e4,797,0.25,-0.25,NA,55,0.0034527826050276523,1.0599570595413836,0.2476,0.5787618285997463,0.020783855305441922,0.20729298488348027,0.8973485138857006,-0.17580687359052172,2476,-0.1821296040375081,0.05010937004047195,0.21781875718346136,-0.18212960403750786,1.0561567803323768,0.023639906468453323,0.739311753803528,0.7544319803397218,-0.006152342030951619,-0.028245235215302002,-0.12967310795696074,-0.1855823866425355,-0.18025719958294759
797,0.25,0.25,0,FALSE,0,167,1e4,797,0.25,-0.25,NA,56,0.010285470768765237,1.0632507347367204,0.2595,0.572106801762596,0.019003485757469334,0.19286795955109373,0.8999015289929824,-0.15591302335115934,2595,-0.16536183365954177,0.0669496060636412,0.24994901288439933,-0.16536183365954213,1.0716307673383278,0.03885443455345274,0.5571399250527709,0.7888941217981855,-0.009127556780597436,-0.03651767484602511,-0.14610049635568845,-0.17564730442830737,-0.1703427458219342
797,0.25,0.25,0,FALSE,0,167,1e4,797,0.25,-0.25,NA,57,-0.0011826323177087114,1.0378241367009708,0.2533,0.5633542951534455,0.014757991033628296,0.17212835526396447,0.9127997752232756,-0.1951833629366971,2533,-0.19735542942481285,0.0731444083312199,0.2648302328750101,-0.1973554294248125,1.042908018034848,0.01120133597192588,0.4657493993308987,0.6933803707257745,-0.002126914891272568,-0.008031238987266199,-0.030325989975082044,-0.19617279710710378,-0.19256479916129446
797,0.25,0.25,0,FALSE,0,167,1e4,797,0.25,-0.25,NA,58,-4.1634311543883705e-4,1.0798394657138612,0.2539,0.5741790882234462,0.019297634951776454,0.19697735038449748,0.8999749014747522,-0.2036540631051137,2539,-0.21077403760203353,0.06287516244771814,0.24489671664244708,-0.21077403760203325,1.048366645390886,0.030258092387619333,0.6048078243390729,0.7004728519938609,-0.006953794313075384,-0.028394804178726616,-0.1159460386730438,-0.21035769448659442,-0.20243183147864288
797,0.25,0.25,0,FALSE,0,167,1e4,797,0.25,-0.25,NA,59,-0.009448879749104005,1.081242481385057,0.2488,0.5579544326077205,0.011846097935461368,0.15569907774956449,0.9225241389118167,-0.1891784117397047,2488,-0.20198619375184584,0.0590831656448538,0.23861807337100735,-0.20198619375184607,1.0376648051202733,0.07742272458159252,0.4073266958684401,0.7843015039864593,-0.012573187261973918,-0.05269168040940854,-0.2208201569353996,-0.19253731400274207,-0.18516263761409432
797,0.25,0.25,0,FALSE,0,167,1e4,797,0.25,-0.25,NA,60,-0.008200595053862817,1.0703380809930456,0.2506,0.5711333898190646,0.017472281424838396,0.18855370169396968,0.9054968847109824,-0.18964341261702736,2506,-0.20449669641018497,0.09417608751235586,0.29563908453177967,-0.20449669641018509,1.0774991752647185,0.07716165855012871,0.5956528915930249,0.7767279425284921,-0.014309155581754317,-0.04840075730993598,-0.16371569201207276,-0.19629610135632228,-0.189736631276627
797,0.25,0.25,0,FALSE,0,167,1e4,797,0.25,-0.25,NA,61,0.01051399804433395,1.0422510575485122,0.2485,0.5679848619327408,0.016964605493404526,0.18680338460699591,0.9071587178503231,-0.16299136384096985,2485,-0.17570437116537405,0.06441675377070989,0.2500011594659931,-0.17570437116537405,1.030658500201342,0.06385618274802071,0.6102444545248826,0.8238377573334384,-0.012522496025104522,-0.05008975179096287,-0.20035807793034027,-0.186218369209708,-0.1824048353461642
797,0.25,0.25,0,FALSE,0,167,1e4,797,0.25,-0.25,NA,62,-0.01609543255877641,1.0432512769785194,0.2517,0.5700703875944791,0.0163721929801526,0.18211100629700536,0.9083253194300875,-0.20152137398024395,2517,-0.21227580831784734,0.05787015907027984,0.2335185103607232,-0.21227580831784754,1.061236192963953,0.06257867319422583,0.5665177798581568,0.7133031350656314,-0.010439544401967666,-0.04470542564630693,-0.19144274934457692,-0.19618037575907113,-0.1920706913251072
797,0.25,0.25,0,FALSE,0,167,1e4,797,0.25,-0.25,NA,63,-6.299193175996422e-4,1.0695230495679224,0.2481,0.5780520598656452,0.020392523005165634,0.20496848890572017,0.8982946358049817,-0.22033377744545501,2481,-0.2332713046622927,0.06440412960864915,0.250326308561063,-0.23327130466229257,1.0277813319924312,0.055365042025823846,0.709005286143076,0.7125052084474016,-0.01276147617054077,-0.050979364669646046,-0.20365164557687893,-0.23264138534469292,-0.22495305785851516
797,0.25,0.25,0,FALSE,0,167,1e4,797,0.25,-0.25,NA,64,-0.014120365544560894,1.0677163615403118,0.2502,0.5691972962041143,0.017116170868089184,0.18692959515459817,0.9064604305846391,-0.19513353306653952,2502,-0.20141119224936674,0.06475651217612148,0.24629763296635107,-0.20141119224936613,1.0674879299609747,0.03472397259756255,0.582477922507033,0.774564533514341,-0.006075978764774654,-0.024669253583954453,-0.10016033563475107,-0.18729082670480524,-0.18125439988654785
797,0.25,0.25,0,FALSE,0,167,1e4,797,0.25,-0.25,NA,65,-0.020440799479827017,1.1008521849769863,0.249,0.5808735608211809,0.021779155823060788,0.21158914884661864,0.8946286038743839,-0.22602532130380543,2490,-0.24614494048227933,0.0760483100589006,0.25956319983986537,-0.2461449404822794,1.128764465037095,0.08743432836679564,0.7500837489040026,0.76473945562728,-0.018937301420356312,-0.07295834475780646,-0.28108123494708537,-0.22570414100245237,-0.21511714372598015
797,0.25,0.25,0,FALSE,0,167,1e4,797,0.25,-0.25,NA,66,-0.0035077406878275563,1.0769117660574932,0.2502,0.5756813594203325,0.01971456841351241,0.20077644825674887,0.8995314652923229,-0.19718308426984754,2502,-0.21146496552985874,0.07167428546548354,0.25768736867894826,-0.21146496552985844,1.0793868192062814,0.06472787826311797,0.6726063311817494,0.6720506239788628,-0.01374664960291597,-0.05334622986523981,-0.20701918816868234,-0.20795722484203089,-0.2003936484162214
797,0.25,0.25,0,FALSE,0,167,1e4,797,0.25,-0.25,NA,67,-0.004433811877858553,1.0774591130181501,0.2544,0.5729974076426566,0.019387912542475,0.197099923921446,0.8997155587087683,-0.1847825468881924,2544,-0.20282982124287813,0.07782988966392303,0.2667871654139592,-0.20282982124287802,1.0934943648633,0.09434705922512004,0.6014852720736977,0.6518578333854976,-0.017258511881605532,-0.06469018798121878,-0.24247863603499262,-0.19839600936501947,-0.19113161652778243
797,0.25,0.25,0,FALSE,0,167,1e4,797,0.25,-0.25,NA,68,0.004636666583316041,1.0893343427566289,0.2458,0.5736478379064761,0.018941939669376736,0.198583653383884,0.9023762759964826,-0.1537526616640881,2458,-0.16052151883304486,0.08162419988572732,0.2727054910651182,-0.1605215188330452,1.0975673305173816,0.03811672455977237,0.666527298370336,0.6778563245222061,-0.006461000345210573,-0.023692226804731917,-0.08687843692547631,-0.16515818541636124,-0.15824117711601185
797,0.25,0.25,0,FALSE,0,167,1e4,797,0.25,-0.25,NA,69,0.0018659027601385242,1.0890480447144848,0.2512,0.574013857416027,0.018992722684528597,0.19643113833988715,0.9013129960980407,-0.18764810079907512,2512,-0.20399147714040464,0.08622284337793844,0.2835704578377623,-0.20399147714040486,1.0722606580871192,0.07384787320905523,0.6624410387134763,0.6574473254057457,-0.015783074100725433,-0.055658386353332055,-0.19627709733139972,-0.20585737990054337,-0.19726176791634423
797,0.25,0.25,0,FALSE,0,167,1e4,797,0.25,-0.25,NA,70,-0.012488238416536651,1.0641626530980701,0.2508,0.5739937858223679,0.01926024354372567,0.19817857493369742,0.9005936268132574,-0.19647209963657095,2508,-0.20576987330046,0.051596385549710896,0.22256990145906264,-0.2057698733004605,1.0415650828217982,0.04563099664845618,0.600224661833537,0.7899695754808614,-0.009110364722617866,-0.040932599883877555,-0.18390896350109723,-0.19328163488392386,-0.1873641873828336
797,0.25,0.25,0,FALSE,0,167,1e4,797,0.25,-0.25,NA,71,0.005436650037378398,1.0664747840548556,0.25,0.57639424,0.02157866047763463,0.21022041963319088,0.8948897901834045,-0.17828962570037105,2500,-0.19092926692332718,0.07969593234323454,0.27108804253140384,-0.19092926692332718,1.0844647309827977,0.06413993384875204,0.7213036893999105,0.7396091786951617,-0.012137438166358974,-0.04477304883321413,-0.165160544947413,-0.19636591696070557,-0.19014758512677069
797,0.25,0.25,0,FALSE,0,167,1e4,797,0.25,-0.25,NA,72,-0.01132857379004705,1.079653706238224,0.258,0.5795500062684135,0.021127528617231817,0.20421471433017804,0.8946252074056281,-0.22446162598555994,2580,-0.23731004962184576,0.05418182523376954,0.2260097382291253,-0.23731004962184557,1.0607165047970806,0.06193005273641843,0.6653425930942221,0.6894687153665374,-0.012475276625109463,-0.05519796059611473,-0.24422824002457746,-0.2259814758317985,-0.21748564685789237
797,0.25,0.25,0,FALSE,0,167,1e4,797,0.25,-0.25,NA,73,0.012571531747878693,1.0716088698762938,0.2456,0.5739282042635432,0.01996427489323164,0.203887730267387,0.8998503468926595,-0.17375186142180288,2456,-0.18028672465014903,0.07077166684653592,0.25189323997982027,-0.18028672465014897,1.1153891082667473,0.01894629174621874,0.6825371667281178,0.7889423132268248,-0.006187615273181227,-0.024564435606437597,-0.0975192331815078,-0.19285825639802767,-0.1863031020564881
797,0.25,0.25,0,FALSE,0,167,1e4,797,0.25,-0.25,NA,74,0.0020959377486498513,1.0755372288016245,0.2595,0.5713573472072065,0.017806893571230494,0.18686021793707483,0.9030195468906581,-0.20566813151334495,2595,-0.21117235679093918,0.06903661102500022,0.24951075759490934,-0.21117235679093915,1.108921782006372,0.025241900659205858,0.5209582573031762,0.6819627026754753,-0.00522691867906337,-0.02094867062825997,-0.08395898770132779,-0.213268294539589,-0.20564283012673962
797,0.25,0.25,0,FALSE,0,167,1e4,797,0.25,-0.25,NA,75,-0.0025593026132672727,1.0609336063353836,0.2532,0.5722024291532233,0.019046587472329193,0.19595555903916934,0.9007681049025646,-0.18327931059273667,2532,-0.19213786820557432,0.060049481605769936,0.24021991328208095,-0.1921378682055744,1.0406178013029435,0.031993811904250255,0.6294384394447629,0.7829398329459977,-0.008683951486551787,-0.036150006749667576,-0.15048713595703458,-0.18957856559230712,-0.18405394466516292
797,0.25,0.25,0,FALSE,0,167,1e4,797,0.25,-0.25,NA,76,-0.01051816909584276,1.0482156420129949,0.2484,0.5693580747545334,0.015697106996918467,0.17969909224924108,0.9107254909705771,-0.18716201261620466,2484,-0.19129514781118837,0.07161924473241313,0.2614366422256139,-0.1912951478111887,1.0478444628807047,0.011179737226111366,0.5635607894740927,0.7734420793102436,-0.004037673522341656,-0.01544417602662306,-0.059074259427242364,-0.18077697871534593,-0.17657036133606718
797,0.25,0.25,0,FALSE,0,167,1e4,797,0.25,-0.25,NA,77,-0.0027691218075496598,1.070476886155854,0.2487,0.5674356915510769,0.017086385362684562,0.18736615881772037,0.9068040726040659,-0.20005048488157517,2487,-0.19509682078015747,0.05683438164606041,0.23286029308361686,-0.19509682078015697,1.0481423279443642,-0.02101295681405388,0.562223660728721,0.5028251413860371,0.004838563273615552,0.020778824975016638,0.08923301048820398,-0.19232769897260732,-0.18588878486553417
797,0.25,0.25,0,FALSE,0,167,1e4,797,0.25,-0.25,NA,78,-0.011000067130510145,1.070489909962347,0.2537,0.571541929807336,0.018215169657126457,0.19140588702140862,0.9028806529253373,-0.2036001634787192,2537,-0.2113009985934177,0.05901739031004812,0.23798462061531042,-0.21130099859341817,1.0420347851493406,0.04675113507409592,0.586395429995897,0.7184916203786613,-0.007543913781508382,-0.03169916510572639,-0.1331983765327694,-0.20030093146290803,-0.19359390487574396
797,0.25,0.25,0,FALSE,0,167,1e4,797,0.25,-0.25,NA,79,0.01507065215602423,1.055996694529636,0.2483,0.5768905824472718,0.019939186875640596,0.202576680336216,0.8994004205450351,-0.18757665004503798,2483,-0.18634750722886229,0.0624058553954011,0.2446862171155418,-0.18634750722886215,1.0423326143014358,-0.010719157714971166,0.6872076649653207,0.726187018318753,0.0012039243094813382,0.004920278402574838,0.020108522909778215,-0.20141815938488639,-0.1960050872859827
797,0.25,0.25,0,FALSE,0,167,1e4,797,0.25,-0.25,NA,80,0.001853245818478938,1.0755750079803874,0.255,0.5631665219107778,0.014512931709972548,0.17023017116529798,0.913182612705698,-0.19700904136956357,2550,-0.20557982972749628,0.06382174453796001,0.243538075415214,-0.20557982972749556,1.0760561449835826,0.041119315065057144,0.4539825659273766,0.7588642650987614,-0.008262344614897933,-0.03392629510113054,-0.13930591774320616,-0.20743307554597448,-0.20001273815559664
797,0.25,0.25,0,FALSE,0,167,1e4,797,0.25,-0.25,NA,81,-0.020606901008767203,1.063494297128365,0.254,0.5600197378142746,0.013557483848290865,0.16478037288587405,0.916291570573976,-0.1899329909097979,2540,-0.20351439339172653,0.07303916034114563,0.26268598456248615,-0.20351439339172653,1.0584783223376026,0.07820410781479957,0.4242648962785265,0.5751523218625132,-0.01320090286947988,-0.05025354851522247,-0.1913065464795228,-0.18290749238295934,-0.17736336224130572
797,0.25,0.25,0,FALSE,0,167,1e4,797,0.25,-0.25,NA,82,0.012756913312778225,1.0993073847011074,0.249,0.5825618318814539,0.02282542661292925,0.21647148532283295,0.8921972003092292,-0.16845021901049187,2490,-0.18533767719869815,0.06580973798061007,0.2500537098104301,-0.185337677198698,1.0525035209937839,0.06701513753560348,0.8143799027906916,0.7243519791451395,-0.016460859500546314,-0.06582929528630295,-0.26326062243271353,-0.19809459051147624,-0.18893527212342853
797,0.25,0.25,0,FALSE,0,167,1e4,797,0.25,-0.25,NA,83,-0.025254978257591144,1.0630811845611936,0.2464,0.5757694505766261,0.01983536297053551,0.20286998038532075,0.900025673666114,-0.2297449382116791,2464,-0.23853405338818617,0.048741408898354745,0.215748748253665,-0.2385340533881857,1.047132186923939,0.037688893514387256,0.7291697802286992,0.7186291422472166,-0.008589035565898394,-0.03981036105850264,-0.18452186342094512,-0.21327907513059455,-0.20685452848281077
797,0.25,0.25,0,FALSE,0,167,1e4,797,0.25,-0.25,NA,84,0.012156607736796452,1.047599470462858,0.2428,0.5672295550850224,0.015220507896614395,0.17897962573437767,0.9130874937433862,-0.16814550237698983,2428,-0.1717678996390497,0.06650886544176021,0.24868297624699873,-0.17176789963904995,1.075443073062488,0.017131562373536306,0.580208064428185,0.8113017931082158,-0.0034930303860858662,-0.014046117827609127,-0.05648202397922944,-0.1839245073758464,-0.1796974715562866
797,0.25,0.25,0,FALSE,0,167,1e4,797,0.25,-0.25,NA,85,-0.004919562953331417,1.0804652170590379,0.2481,0.5703437895528292,0.016121699268510068,0.1820707876688451,0.9096564751587191,-0.20179270433674643,2481,-0.20969260003559514,0.06408680431471372,0.24963802400991028,-0.20969260003559542,1.0283646596719935,0.04721672757552686,0.5728061063745636,0.7622928024489469,-0.007790185257018782,-0.03120592420932447,-0.1250046916253657,-0.204773037082264,-0.19700052174074828
797,0.25,0.25,0,FALSE,0,167,1e4,797,0.25,-0.25,NA,86,-0.008459673194678392,1.1021141683307731,0.2493,0.5722291498385436,0.017590216537049008,0.18973106056423425,0.9054000932026728,-0.2074221873685375,2493,-0.21719244231136578,0.06780530707869273,0.25242476101995753,-0.21719244231136567,1.0641424782197524,0.048808951896448585,0.6353266418176002,0.8066089272997301,-0.009471221784034442,-0.03752096959808795,-0.1486421912275136,-0.20873276911668728,-0.198827907465476
797,0.25,0.25,0,FALSE,0,167,1e4,797,0.25,-0.25,NA,87,0.009312932142601765,1.0679036167879268,0.2456,0.5766290800808979,0.020057555814268897,0.2045474665567814,0.899526284427309,-0.17199593795849033,2456,-0.18051201137028797,0.06077161002994207,0.24406286946513803,-0.1805120113702879,1.0202281828093134,0.0441461735467219,0.7358369709767681,0.7424255575200144,-0.00843122614818453,-0.034545304521992636,-0.1415426467684266,-0.18982494351288967,-0.18369073446030312
797,0.25,0.25,0,FALSE,0,167,1e4,797,0.25,-0.25,NA,88,-0.0029773771199295344,1.0651089047068372,0.2469,0.5648540642514518,0.014786763227998215,0.17474039922464052,0.9137131908628725,-0.1701861431855886,2469,-0.1842476329415048,0.06402159622873756,0.24621065430799915,-0.18424763294150465,1.0561188970431536,0.08198914914602752,0.5020304128248749,0.6626774229532307,-0.013682798395966004,-0.055573543047610766,-0.22571542731895997,-0.1812702558215751,-0.17564247164400665
797,0.25,0.25,0,FALSE,0,167,1e4,797,0.25,-0.25,NA,89,0.007910014046674413,1.0614937693938382,0.242,0.5670298905340282,0.015062736985194825,0.17814755436154942,0.91377658368901,-0.16998694334008868,2420,-0.18527286766303183,0.07108449155222633,0.26325368752687195,-0.1852728676630317,1.0257131770566394,0.09482172994292841,0.5789786322185314,0.7485557405809845,-0.015093110018078624,-0.057332948153054744,-0.2177859261599229,-0.1931828817097061,-0.18750373169879428
797,0.25,0.25,0,FALSE,0,167,1e4,797,0.25,-0.25,NA,90,-0.016365574245569073,1.077939949145561,0.2467,0.5798376617279323,0.022111788065326352,0.21428460444923292,0.8942719761647485,-0.21546970546932132,2467,-0.22336296340502687,0.07179583022867352,0.2610660185852297,-0.22336296340502687,1.0534126516797395,0.038861506630588606,0.8229334226726875,0.7146746386772074,-0.007690543445036882,-0.0294582323916131,-0.11283824892742955,-0.2069973891594578,-0.19937356935469697
797,0.25,0.25,0,FALSE,0,167,1e4,797,0.25,-0.25,NA,91,0.006040177964060447,1.034212618289867,0.2511,0.5685521028877665,0.01645590609113655,0.18279030510437874,0.908202708776581,-0.17582354425772148,2511,-0.185990908875288,0.05791846352897389,0.23519945632953712,-0.1859909088752881,1.0469945120115576,0.05202135391825093,0.5321766815146984,0.7603721794719177,-0.009936563120717863,-0.042247389835781676,-0.17962367130895496,-0.19203108683934855,-0.18882810022669888
797,0.25,0.25,0,FALSE,0,167,1e4,797,0.25,-0.25,NA,92,0.010744601765301141,1.051802098638596,0.2461,0.5646715907027464,0.01372102020501711,0.1685650326783109,0.9170322909157353,-0.1984832120957122,2461,-0.20299428858614632,0.056742030581751715,0.2354107057095613,-0.20299428858614663,1.02388800448976,0.026815733413508434,0.514713614818332,0.8124627874855416,-0.004458142679386511,-0.018937722759672444,-0.08044546106172809,-0.21373889035144777,-0.20840903077116837
797,0.25,0.25,0,FALSE,0,167,1e4,797,0.25,-0.25,NA,93,-0.010919994233618611,1.0737321138982356,0.25,0.5884393066666667,0.02686948000055478,0.23478197136736792,0.882609014316316,-0.1751546855992103,2500,-0.19021576682439173,0.061820490623418094,0.23937496236224448,-0.19021576682439165,1.0788846182306449,0.06095084998540308,0.942782250747586,0.759575152070273,-0.0145000216279564,-0.06057451240875233,-0.25305283314085847,-0.17929577259077303,-0.17303026731100704
797,0.25,0.25,0,FALSE,0,167,1e4,797,0.25,-0.25,NA,94,-0.0037106370797468256,1.0841391218939973,0.2505,0.568318306682166,0.015858404060192347,0.17974764379217947,0.9099464304601181,-0.20146508216578563,2505,-0.21742557507337268,0.06400951465799389,0.24543763062751853,-0.2174255750733724,1.0625814616872238,0.08499869038800505,0.5316398610616176,0.7616884859122406,-0.015483358951097615,-0.06308469859129098,-0.25702944748122053,-0.21371493799362556,-0.20525435037005763
797,0.25,0.25,0,FALSE,0,167,1e4,797,0.25,-0.25,NA,95,-0.009045018924682676,1.0654149835561795,0.2547,0.5707650155343332,0.018076676217648264,0.1903087936029584,0.903056700538653,-0.2121778453359113,2547,-0.2276773524913643,0.06836331576544037,0.2551181073128131,-0.22767735249136445,1.0503657457428173,0.07666215606554547,0.5788965655586461,0.6978093015635796,-0.015123336442564847,-0.05927974537699657,-0.23236196756630334,-0.21863233356668177,-0.2118141601632118
797,0.25,0.25,0,FALSE,0,167,1e4,797,0.25,-0.25,NA,96,0.022833019375127644,1.0834206848419077,0.2546,0.5767990256447979,0.020260023789605525,0.20121625235761192,0.897540684299504,-0.150136944800969,2546,-0.1629751294033009,0.07214442656810544,0.2625990826894943,-0.1629751294033011,1.0462040007458402,0.05917776536133342,0.6977118098451094,0.7970326996308952,-0.012551494148445778,-0.04779717438421929,-0.1820157705605401,-0.18580814877842874,-0.17851149821605355
797,0.25,0.25,0,FALSE,0,167,1e4,797,0.25,-0.25,NA,97,0.014865330512806356,1.0680728707330212,0.2425,0.5781115035214862,0.021062155709825964,0.2110989208641224,0.8976170233809007,-0.19890435259291417,2425,-0.20994494431145894,0.07967024902046188,0.27153356198795014,-0.2099449443114586,1.0805606326497788,0.05174462054069337,0.7831191195240935,0.7414497688953592,-0.010621057973726809,-0.039115083586603344,-0.14405248213235294,-0.22481027482426497,-0.2175282743022319
797,0.25,0.25,0,FALSE,0,167,1e4,797,0.25,-0.25,NA,98,2.3845991456798355e-4,1.0535629435692202,0.243,0.5761258161140739,0.01925514780940034,0.20140139769787663,0.9021189207188319,-0.18486826889904376,2430,-0.20045006390928258,0.061688846855759094,0.2479207916396316,-0.2004500639092828,1.0036464484414644,0.06973623473457,0.6924773441626259,0.7401147352137858,-0.015553463363089772,-0.06273561511411155,-0.25304701029392357,-0.20068852382385077,-0.19552049811671124
797,0.25,0.25,0,FALSE,0,167,1e4,797,0.25,-0.25,NA,99,0.011458597392699409,1.0593549794739086,0.2519,0.554583030218833,0.01035665339062174,0.14459169921302092,0.9271547019364801,-0.1842142953872481,2519,-0.19173582927316155,0.07255370355615691,0.2621164839403413,-0.19173582927316168,1.0560170225959806,0.0510513377612585,0.33013835993621854,0.6365073915945823,-0.007319323742741583,-0.027923935315748733,-0.106532541929352,-0.2031944266658611,-0.19741994907053323
797,0.25,0.25,0,FALSE,0,167,1e4,797,0.25,-0.25,NA,100,0.025059054719951606,1.0542574892241683,0.255,0.5736658507698381,0.019099105192581504,0.19536602894072885,0.9003633252402283,-0.1721652009148326,2550,-0.18010297813825846,0.055150890837244324,0.23099432452184643,-0.18010297813825846,1.033593841200345,0.03414295012232599,0.6135540995284654,0.799342828865651,-0.007807714955153311,-0.03380046228977756,-0.1463259426816821,-0.20516203285821005,-0.1998129566859372
797,0.25,0.25,0,FALSE,0,167,1e4,797,0.25,-0.25,NA,101,-0.003973923448365848,1.0872237656408659,0.2563,0.5751539882601313,0.019704548989600248,0.19791101609706965,0.8985508131486422,-0.2139211248949094,2563,-0.22248582873648723,0.05297869993646552,0.226852814145535,-0.22248582873648717,1.0294682441046934,0.034421801303690144,0.6380867114099925,0.8392965468912345,-0.00844123270378817,-0.03721017407512867,-0.16402782665617224,-0.21851190528812134,-0.20956349620274245
797,0.25,0.25,0,FALSE,0,167,1e4,797,0.25,-0.25,NA,102,-0.025172744992046348,1.0629644334031858,0.2542,0.565281864831728,0.014766445859701162,0.171914569374774,0.9125986329298649,-0.20786483263166022,2542,-0.2175546012605489,0.07663028085697625,0.27680868086554866,-0.21755460126054882,1.0000944239996552,0.05016576256830825,0.47429294113988774,0.6859682937954653,-0.0096893111879286,-0.03500363918368184,-0.1264542682484867,-0.19238185626850246,-0.18659703740932487
797,0.25,0.25,0,FALSE,0,167,1e4,797,0.25,-0.25,NA,103,-0.0031967759298624195,1.0616124170090024,0.2501,0.554455561421251,0.010620372113383536,0.14710435187514262,0.9264184031920537,-0.19569871090711988,2501,-0.20819282532054034,0.08452255140878191,0.27809889936674936,-0.20819282532054068,1.0928839755031228,0.08642463683208856,0.3496024486650291,0.7331194261440344,-0.011951390851884321,-0.04297532596892139,-0.1545325280566705,-0.20499604939067825,-0.19895849944072078
797,0.25,0.25,0,FALSE,0,167,1e4,797,0.25,-0.25,NA,104,0.007584077423441328,1.0587909914011584,0.2467,0.5728642372426342,0.018448728480355114,0.19561969213446648,0.9034812439008543,-0.18259414913929015,2467,-0.20154844689577012,0.055651775312295926,0.2266580467557723,-0.2015484468957701,1.0832700581035135,0.09195928886851368,0.6567222220138803,0.7084192558537049,-0.018211232086220202,-0.08034672647577827,-0.35448433279032515,-0.20913252431921142,-0.2032434043859401
797,0.25,0.25,0,FALSE,0,167,1e4,797,0.25,-0.25,NA,105,-0.0012601077192938418,1.0314412684648924,0.2493,0.56676349299552,0.015771792565216314,0.1796847601598664,0.9104091785842906,-0.162309479217722,2493,-0.18439547575034876,0.06516571929959625,0.25423064761801223,-0.1843954757503489,1.0082387523520242,0.12263490443828438,0.5220305748789521,0.7471624787558114,-0.021995574347154424,-0.08651818556590121,-0.34031375200639424,-0.18313536803105507,-0.18032252236116797
797,0.25,0.25,0,FALSE,0,167,1e4,797,0.25,-0.25,NA,106,-0.0031986371411852742,1.0775331285315553,0.2426,0.5869618989857914,0.023544425568638574,0.22306955059308164,0.8917666540522368,-0.18704537358341608,2426,-0.19273213205610748,0.07202382023347245,0.26272737591968304,-0.1927321320561078,1.0434352321329936,0.024076545369405972,0.8981299067324233,0.6841431794765276,-0.0055671386161276655,-0.021189792638242486,-0.08065315829409533,-0.18953349491492255,-0.18258733727166498
797,0.25,0.25,0,FALSE,0,167,1e4,797,0.25,-0.25,NA,107,-0.0019397888543120237,1.0693873285284154,0.2448,0.5780258237873186,0.019742747195385678,0.2030778512511573,0.9005730840274334,-0.2034358832132632,2448,-0.2113851493241533,0.06138371273702408,0.24273315929602812,-0.21138514932415328,1.0418253864557345,0.03788372518332088,0.7418071616208398,0.7807317317590419,-0.007788065005495068,-0.03208488295576065,-0.13218170541187227,-0.20944536046984125,-0.20253646592408386
797,0.25,0.25,0,FALSE,0,167,1e4,797,0.25,-0.25,NA,108,0.018996884084454314,1.098945878855651,0.2473,0.562940391272911,0.014628060196547537,0.17370887467273585,0.9140835905868648,-0.1809498066421892,2473,-0.19283052836611514,0.056430137759813016,0.2269884767313434,-0.19283052836611525,1.0952253557393512,0.06451500757346389,0.5153597457736715,0.7502252920009725,-0.01135248871630803,-0.05001350235829146,-0.22033498386566078,-0.21182741245056957,-0.20206635563564496
797,0.25,0.25,0,FALSE,0,167,1e4,797,0.25,-0.25,NA,109,-0.008083277291128978,1.0909823398777552,0.2497,0.5681729444118762,0.016131962371544663,0.18165528532387712,0.9092813505092557,-0.21270949105983308,2497,-0.22056325344482594,0.07426493588211075,0.260785787722627,-0.22056325344482516,1.0919832362866777,0.052954297288718234,0.535138475165754,0.7666988866067039,-0.007515705808666954,-0.028819460885118074,-0.11051009005049994,-0.21247997615369618,-0.20342725958933278
797,0.25,0.25,0,FALSE,0,167,1e4,797,0.25,-0.25,NA,110,-0.005577364481195859,1.0557349348707759,0.254,0.570257673471111,0.018118066295590936,0.19058825807940824,0.9031811648956606,-0.17036852958973064,2540,-0.17518445780923322,0.0449862015773823,0.20761223150566802,-0.175184457809233,1.043694637399751,0.022031464737034614,0.5821327400673838,0.7218700437474255,-0.004714040172460571,-0.022705984798067513,-0.10936727876482373,-0.16960709332803714,-0.16506939707077511
797,0.25,0.25,0,FALSE,0,167,1e4,797,0.25,-0.25,NA,111,-0.01211238920992402,1.0424416007490453,0.2499,0.575267622046819,0.019771916334846495,0.20106834272549068,0.8995060423057998,-0.19210327063708743,2499,-0.20231594268556424,0.0575400285347791,0.2416073721072961,-0.202315942685564,0.9857112417357135,0.06392530581956071,0.6986403118106532,0.719285148376863,-0.010286426593120108,-0.04257496989186232,-0.17621552488454317,-0.19020355347563997,-0.1862913796957835
797,0.25,0.25,0,FALSE,0,167,1e4,797,0.25,-0.25,NA,112,-0.009454593361435464,1.0657319341667215,0.247,0.583744320961767,0.025142309832301583,0.22852806824476762,0.8871071342870848,-0.18936277061614856,2470,-0.1863974466748801,0.05448141529746576,0.22906371932373765,-0.18639744667488,1.0383308671546554,-0.016950440507326272,0.8991828756518345,0.7559062816643288,0.0029100755333633147,0.012704218467921063,0.05546150435969341,-0.17694285331344453,-0.1713992970945375
797,0.25,0.25,0,FALSE,0,167,1e4,797,0.25,-0.25,NA,113,0.00900485052473281,1.0636695818915873,0.2504,0.5861262588183347,0.02587813851494913,0.230322921412587,0.8846542809565764,-0.176217553624584,2504,-0.18281258744868722,0.05117461553506379,0.22179699162396288,-0.18281258744868709,1.040263321680921,0.032410095611854685,0.9013781838890924,0.7013080693269939,-0.0064661441810437564,-0.029153435011447452,-0.1314419767283161,-0.1918174379734199,-0.18598791084103164
797,0.25,0.25,0,FALSE,0,167,1e4,797,0.25,-0.25,NA,114,0.01498318208587973,1.0548806921345855,0.2535,0.5727748295464303,0.01824973608307438,0.19159264772966128,0.9028625276010618,-0.15901613809643964,2535,-0.16810917099231204,0.060916566033248576,0.2396981090006088,-0.16810917099231165,1.0602449137993388,0.03310420654982945,0.5796033045993788,0.6911017448804444,-0.008830914161944538,-0.03684181823028945,-0.1537009131356805,-0.18309235307819138,-0.17826600607541607
797,0.25,0.25,0,FALSE,0,167,1e4,797,0.25,-0.25,NA,115,0.0030029582431012414,1.0583678173009858,0.2453,0.5674907419416122,0.016192584859144026,0.18363307406766444,0.9099096138624039,-0.18247455330850593,2453,-0.18486825255834924,0.09253407942100644,0.2957931996104662,-0.1848682525583492,1.0576094881173794,-0.0025292027394042786,0.6014016584046653,0.7227449732430397,-0.0023275923144892995,-0.007868985215192694,-0.026602995692786242,-0.18787121080145044,-0.1826173017635856
797,0.25,0.25,0,FALSE,0,167,1e4,797,0.25,-0.25,NA,116,-0.01138489737839707,1.0366451485969492,0.2457,0.5722755941501798,0.0189819839975783,0.19871695133866354,0.9023504901121807,-0.19148416492677936,2457,-0.2060450394037204,0.06866123672150636,0.25773566445674906,-0.20604503940372065,1.0336239988042815,0.06935615285784592,0.692605660536221,0.7998030782103642,-0.014322082328716774,-0.05556888046093513,-0.21560415621199452,-0.19466014202532358,-0.1911885925499222
797,0.25,0.25,0,FALSE,0,167,1e4,797,0.25,-0.25,NA,117,0.015928552071081056,1.079786070771476,0.2502,0.5721710441729305,0.018202527106034413,0.1927325768071485,0.9035566185657029,-0.19964567984676004,2502,-0.19958100375200563,0.059153186608236936,0.23523313052679812,-0.19958100375200594,1.0690085251805739,0.006403830675828352,0.6328344216965692,0.681185860990104,6.255372900220045e-5,2.659222740526094e-4,0.001130462675291885,-0.215509555823087,-0.2073947084397878
797,0.25,0.25,0,FALSE,0,167,1e4,797,0.25,-0.25,NA,118,-0.011639939295954011,1.037624935346171,0.2489,0.57314227602115,0.01807679507615571,0.19249833669910724,0.9041743279911845,-0.21201078890750352,2489,-0.22446262410547277,0.07828648856542109,0.27682579951710723,-0.22446262410547274,1.021583072256791,0.06430344012436483,0.6173802317057884,0.7096805435356425,-0.01231959753089475,-0.04450306854485731,-0.16076199769850974,-0.21282268480951874,-0.20892851513108898
797,0.25,0.25,0,FALSE,0,167,1e4,797,0.25,-0.25,NA,119,0.019873694656453122,1.0732078141739896,0.2528,0.5715580784295123,0.017701502434642538,0.18901492912010223,0.9044340518368763,-0.16093489136544514,2528,-0.17308093432638827,0.06225078100978389,0.24302694464463248,-0.17308093432638802,1.0539886900732114,0.061497378714681986,0.5688907953919556,0.7266291755260148,-0.011830874230652367,-0.04868132728225724,-0.20031246886406684,-0.19295462898284113,-0.18625729381417402
797,0.25,0.25,0,FALSE,0,167,1e4,797,0.25,-0.25,NA,120,0.021474229994902037,1.0605737158954214,0.2535,0.5748998019686875,0.01917059766888517,0.19638546332001844,0.9004325700967506,-0.1571936554210937,2535,-0.1662820368663625,0.06528330642935087,0.2507916998091012,-0.16628203686636264,1.037948544365331,0.04811989866865905,0.6315812659955305,0.7482868026115915,-0.008920693834488961,-0.03557013187150634,-0.14183137599283302,-0.18775626686126468,-0.18231567584871253
797,0.25,0.25,0,FALSE,0,167,1e4,797,0.25,-0.25,NA,121,0.010996480559699044,1.0619761540047614,0.2482,0.57879373146672,0.02242934991867652,0.21509021560414224,0.8932292169741038,-0.15958287053470094,2482,-0.1750252796407099,0.05202223645141829,0.2231838642096134,-0.17502527964070977,1.0443917519137846,0.0715203452937681,0.7600807716771893,0.7600117885294178,-0.01511065663649114,-0.0677049691293958,-0.30335960607711127,-0.1860217602004088,-0.18051212009139372
797,0.25,0.25,0,FALSE,0,167,1e4,797,0.25,-0.25,NA,122,-0.008170101899279974,1.0739196759633638,0.2511,0.5654105511660033,0.014706317388560479,0.1726907300268472,0.9132747153805173,-0.21103653538220238,2511,-0.21019265536933296,0.07975816505191083,0.27374259882595214,-0.2101926553693332,1.0643645021653763,-7.465330399446832e-4,0.48928812458691834,0.6753504425631707,8.179664858375947e-4,0.0029880862143698166,0.010915678550526465,-0.20202255347005324,-0.1949458329375919
797,0.25,0.25,0,FALSE,0,167,1e4,797,0.25,-0.25,NA,123,1.9830241576665762e-4,1.053639941571676,0.2452,0.5759907392038426,0.02067293310618196,0.20760745323843813,0.8981893049318699,-0.17424245606805527,2452,-0.18281015939416342,0.06717851875609562,0.2547479254494906,-0.18281015939416365,1.0351638846647047,0.04552540033219227,0.7639049958937977,0.7769991637231336,-0.008420926251452512,-0.03305591688958483,-0.1297593172986953,-0.1830084618099303,-0.1782892089204575
797,0.25,0.25,0,FALSE,0,167,1e4,797,0.25,-0.25,NA,124,-0.005645273371428494,1.052034695270613,0.2508,0.5736373716227666,0.018278650635785515,0.1927430049288529,0.9033201087276874,-0.18023917361676595,2508,-0.1800027491239941,0.07859458226254126,0.2740917371229824,-0.18000274912399428,1.046166293431129,0.00499283538833112,0.6179854346050336,0.7429473508330124,2.3114904544158405e-4,8.433273029966229e-4,0.0030768067357617194,-0.17435747575256577,-0.16999084846044615
797,0.25,0.25,0,FALSE,0,167,1e4,797,0.25,-0.25,NA,125,-0.00307560026271506,1.0560229576942741,0.2492,0.5733764401973369,0.018450803653909702,0.1945410850557525,0.9030407232082129,-0.1839146594111875,2492,-0.19110372325149536,0.07525584964650266,0.26593390022991703,-0.19110372325149574,1.0641255166149057,0.031501453469813076,0.6097927996492077,0.7202566035908738,-0.006969087408741472,-0.02620608881649254,-0.0985436185226317,-0.1880281229887807,-0.18297263010059012
797,0.25,0.25,0,FALSE,0,167,1e4,797,0.25,-0.25,NA,126,0.011568457512524454,1.0637684711513455,0.2558,0.5712787700515994,0.017034717823974897,0.18416760422545506,0.9057798536782572,-0.16469580645197732,2558,-0.17256886462698642,0.06796808678217288,0.25587176165826775,-0.17256886462698656,1.0381505222908585,0.04997800832468377,0.5237236717334928,0.7692810606820945,-0.007727042431911216,-0.030198887059022753,-0.1180235242189609,-0.184137322139511,-0.17853290264196123
797,0.25,0.25,0,FALSE,0,167,1e4,797,0.25,-0.25,NA,127,-0.005640247198010641,1.1068003947070857,0.2532,0.5635791435771033,0.014375155921115813,0.17007794720425673,0.9138725275357644,-0.2055741147150825,2532,-0.22010656707574935,0.06032967549168794,0.23619595127761142,-0.2201065670757495,1.0813993181644328,0.08043785357471189,0.4739161329300317,0.7321779042421436,-0.013974808399818805,-0.059166164043995835,-0.25049609751547036,-0.21446631987773884,-0.20385644525018143
797,0.25,0.25,0,FALSE,0,167,1e4,797,0.25,-0.25,NA,128,-0.008649741888547164,1.0503543588528963,0.2458,0.5622326471623298,0.014119847645131887,0.17135440655484108,0.9157621737376401,-0.1927452451541394,2458,-0.20743672100163218,0.08073250504195144,0.2742187793366736,-0.2074367210016326,1.0736285254102347,0.08646620595247623,0.517384957956271,0.8258105997750679,-0.014178765001211768,-0.05170603207960354,-0.1885575896905338,-0.19878697911308543,-0.1939635003293915
797,0.25,0.25,0,FALSE,0,167,1e4,797,0.25,-0.25,NA,129,0.008496505464473149,1.0543093070068497,0.2499,0.5668162478963056,0.014989453370739604,0.17492669560303814,0.9125716375376015,-0.1885798157785519,2499,-0.201139936248152,0.06044344431076422,0.24125455267230586,-0.20113993624815218,1.03848007683708,0.06613639635376331,0.48731041107382467,0.6996085329833307,-0.012325221146965635,-0.051088035481373424,-0.21175988148404348,-0.20963644171262533,-0.20416568934424154
797,0.25,0.25,0,FALSE,0,167,1e4,797,0.25,-0.25,NA,130,5.254432220827083e-4,1.0662695095878427,0.2526,0.5777501885131057,0.020938457380263484,0.20581374997973337,0.8960228935102387,-0.17528650108937743,2526,-0.1848689397712413,0.06873801156003295,0.25913040824213895,-0.1848689397712413,1.0236705431012971,0.03785808712463377,0.7015397371212118,0.8022101528563704,-0.009471002379485862,-0.036549173999818205,-0.14104548457958513,-0.185394382993324,-0.1795407671996117
797,0.25,0.25,0,FALSE,0,167,1e4,797,0.25,-0.25,NA,131,9.859770093362473e-4,1.062422672425644,0.2464,0.5718863308930984,0.018089348041894406,0.19368658239374292,0.9045512521963635,-0.16821123122945197,2464,-0.18092816032175787,0.06741570828924101,0.2513669827096079,-0.18092816032175776,1.0669513997062083,0.06436306211522119,0.6544138056778644,0.6731142269111363,-0.012311470562102045,-0.0489780735297479,-0.1948468848286646,-0.18191413733109402,-0.17648905845822146
797,0.25,0.25,0,FALSE,0,167,1e4,797,0.25,-0.25,NA,132,0.009416938364503104,1.0487985255760817,0.2437,0.5603924164633004,0.012632162598763572,0.16253883474941516,0.9207785719431351,-0.15990582556909966,2437,-0.16843700532462913,0.06458892473117941,0.2527466209560595,-0.1684370053246289,1.0110842338142154,0.047417975304694465,0.4468762207587162,0.7337211109693413,-0.00848428841779652,-0.03356835547673466,-0.13281426018577944,-0.17785394368913202,-0.17366706531604245
797,0.25,0.25,0,FALSE,0,167,1e4,797,0.25,-0.25,NA,133,0.002099704041191537,1.0752303303201438,0.2439,0.5733152510734206,0.01980340046545343,0.20385155642355882,0.900561210776588,-0.18173813435760056,2439,-0.1960188466838246,0.08106351716482318,0.2722223937913672,-0.19601884668382463,1.0939003104840215,0.06617161638336333,0.7302680392889626,0.8109406408224774,-0.013654034564764784,-0.050157646380956135,-0.184252462416436,-0.19811855072501616,-0.1910620305999506
797,0.25,0.25,0,FALSE,0,167,1e4,797,0.25,-0.25,NA,134,-0.0031422777109473676,1.0851014959727499,0.244,0.5692324789660855,0.016703900602511652,0.1869725758236067,0.90875738299808,-0.18170069185960366,2440,-0.20168402165093138,0.055440261020775976,0.22904764326369031,-0.2016840216509314,1.056753296380403,0.0997137260913151,0.6109479575607413,0.7570113047474264,-0.01943931915735179,-0.08487019940638438,-0.3705351349486615,-0.19854174393998406,-0.19059725920663917
797,0.25,0.25,0,FALSE,0,167,1e4,797,0.25,-0.25,NA,135,0.01147223158004902,1.0837141806378414,0.2539,0.5614281832814342,0.013385524998583262,0.16391954934456457,0.9167616528428302,-0.20040551046809657,2539,-0.2160280447481036,0.08696974021374482,0.28424793781671687,-0.21602804474810317,1.0763995996503795,0.08850693875296518,0.45002946513679154,0.8077740202526935,-0.015057910882411402,-0.0529745650859242,-0.18636745614697198,-0.22750027632815217,-0.21853678535509397
797,0.25,0.25,0,FALSE,0,167,1e4,797,0.25,-0.25,NA,136,-0.0017312135451729351,1.0682873325665188,0.2438,0.5738466305014993,0.01690778059429178,0.1883548921615378,0.9081581545820342,-0.20606808627707426,2438,-0.21065559344726076,0.06094121736260265,0.23781049535002444,-0.21065559344726073,1.0775789284687036,0.022524406133251747,0.6760938902500047,0.7784733756187634,-0.004419287042454592,-0.018583229625547044,-0.07814301718767745,-0.2089243799020878,-0.20213665865890082
797,0.25,0.25,0,FALSE,0,167,1e4,797,0.25,-0.25,NA,137,0.0021445654416638966,1.0692506962067694,0.2477,0.5686260693957987,0.016984066350475124,0.18716909372008267,0.907276430971071,-0.19020629330869224,2477,-0.1998676901825846,0.07101188262610555,0.2550969717097071,-0.1998676901825841,1.0912403606065941,0.04478232692694983,0.6069004831441744,0.7817295482623943,-0.009248679127507594,-0.03625554261001703,-0.14212455117371908,-0.202012255624248,-0.19536103482168096
797,0.25,0.25,0,FALSE,0,167,1e4,797,0.25,-0.25,NA,138,-0.0016916207999810278,1.0663962234494044,0.2506,0.5698585471196856,0.016520861271366327,0.18326152582282793,0.9081493232575987,-0.20857719986721873,2506,-0.21104373964821616,0.0715329188889879,0.2600798641925949,-0.2110437396482163,1.0575294911169137,0.015384678782659693,0.5584135845946746,0.6993703761011243,-0.002398511917114865,-0.009222213048137836,-0.03545915819653222,-0.20935211884823526,-0.2027300192141845
797,0.25,0.25,0,FALSE,0,167,1e4,797,0.25,-0.25,NA,139,-0.0017799078238135886,1.0699017866676022,0.2511,0.5781443741275868,0.02096347837152274,0.20670880500792393,0.8961908381250207,-0.18572648661376445,2511,-0.19457375909580044,0.060446494647287484,0.24297242326558283,-0.19457375909580032,1.0238990747339247,0.03723941337259963,0.6937153855544587,0.7580367883983036,-0.008743409673654955,-0.03598519352995836,-0.14810402368430298,-0.19279385127198673,-0.18638940525495445
797,0.25,0.25,0,FALSE,0,167,1e4,797,0.25,-0.25,NA,140,0.009895907633827824,1.073669059888702,0.2447,0.5704540116482943,0.017339402079010986,0.19042763339600227,0.9068047162159965,-0.16181381998464678,2447,-0.17663114547028236,0.07590298665702178,0.26931221915468917,-0.17663114547028236,1.0465181093115261,0.0688617763542578,0.6011173824615188,0.6609332625126456,-0.014484264500856282,-0.05378242601215478,-0.1997028808457551,-0.1865270531041102,-0.1800141358082093
797,0.25,0.25,0,FALSE,0,167,1e4,797,0.25,-0.25,NA,141,-0.009294809985725393,1.086632078084437,0.2524,0.5741417968031245,0.018299025653237544,0.19237918160943718,0.9028869891235561,-0.20492432063473734,2524,-0.2197492947183997,0.08230480553043355,0.27294401216318354,-0.21974929471839957,1.1047857164111257,0.06288865193620423,0.5837783355127362,0.6892918961753778,-0.01410440978996485,-0.05167510244383865,-0.1893249169831355,-0.21045448473267417,-0.2018909837038309
797,0.25,0.25,0,FALSE,0,167,1e4,797,0.25,-0.25,NA,142,-1.8509080300117318e-4,1.0625467435993006,0.2468,0.5777142054516612,0.020758521320942434,0.20742101720260253,0.8976169859087954,-0.17014378494013935,2468,-0.17971403588910856,0.06865969359873447,0.25425937292003115,-0.17971403588910853,1.062057225441655,0.05833613751507794,0.7188762499616089,0.782843262219809,-0.009286442349180945,-0.03652350055980704,-0.14364662407664436,-0.17952894508610737,-0.1741648285747978
797,0.25,0.25,0,FALSE,0,167,1e4,797,0.25,-0.25,NA,143,-0.0080315001560314625,1.0656303836700636,0.2511,0.5658810141772249,0.014910350278938849,0.1739066235025921,0.9126640936769983,-0.20645086922959893,2511,-0.2184167932884943,0.07095511452996774,0.2548399183194446,-0.21841679328849478,1.092568791360957,0.06574748114368106,0.4949567753714349,0.7711341617953656,-0.011447795080615204,-0.044921514479004304,-0.17627346129774968,-0.21038529313246332,-0.2038037074146726
797,0.25,0.25,0,FALSE,0,167,1e4,797,0.25,-0.25,NA,144,0.0068292288442293805,1.062163017496004,0.2469,0.5690571048065458,0.01554206336449747,0.1792703312502596,0.9114763104286218,-0.16536563069891286,2469,-0.17611340630676778,0.07528750723826105,0.268216233887583,-0.1761134063067672,1.0465326873992078,0.059404089503416434,0.5486102251792427,0.7168800077037873,-0.010506116005128107,-0.039170321098205854,-0.14604008314658254,-0.18294263515099657,-0.17750857699134903
797,0.25,0.25,0,FALSE,0,167,1e4,797,0.25,-0.25,NA,145,-0.011204121691047907,1.083116657657671,0.2456,0.5674585051087906,0.015342906151064001,0.1784486802411593,0.9123460082655426,-0.19359423169932316,2456,-0.2059523971959579,0.08132755837199387,0.2735382747920191,-0.2059523971959579,1.0869298781449266,0.06317571683097671,0.554224036750412,0.7613802009011719,-0.011853681212054698,-0.043334634690766684,-0.15842256343729427,-0.19474827550491,-0.18712680527436
797,0.25,0.25,0,FALSE,0,167,1e4,797,0.25,-0.25,NA,146,-0.008993327310005255,1.0666448819546204,0.2546,0.5776429026544793,0.020618858320113276,0.2032019824992961,0.8965295505113584,-0.20587651797419795,2546,-0.2144461740022919,0.0736207459784203,0.27205561635666387,-0.2144461740022922,0.994683289121077,0.04153426889242217,0.6639526561474804,0.7472330271089489,-0.008592528464927678,-0.03158372019661931,-0.11609288063810148,-0.20545284669228694,-0.19893089482740256
797,0.25,0.25,0,FALSE,0,167,1e4,797,0.25,-0.25,NA,147,-0.014141997390421024,1.0654114610776406,0.2519,0.582715885403801,0.0247378314777257,0.22418510832145727,0.8870555424276498,-0.18182733813158286,2519,-0.19385345571153295,0.07484945907295114,0.2681803313133263,-0.19385345571153306,1.0407222033801162,0.04703964529519483,0.8316570567199371,0.7178267517056965,-0.011788486095281237,-0.043957310506519784,-0.1639095242043035,-0.17971145832111204,-0.17410734231845232
797,0.25,0.25,0,FALSE,0,167,1e4,797,0.25,-0.25,NA,148,-0.006422565002698811,1.0636110897878244,0.2487,0.5899788978556991,0.027557825984529348,0.23821674764060774,0.8815109897235617,-0.18554974224333254,2487,-0.2097207017570702,0.069462271400729525,0.25714294131486903,-0.20972070175706986,1.0505089723346788,0.09848892784153396,0.9397551770464747,0.7778817736011813,-0.02358272615222817,-0.09171057168297436,-0.3566521064666351,-0.20329813675437106,-0.19712511961765572
797,0.25,0.25,0,FALSE,0,167,1e4,797,0.25,-0.25,NA,149,-0.001525090553025959,1.0663129505241653,0.2575,0.5636095322153575,0.013367818793841682,0.16246300312269904,0.9163315533918099,-0.18232352559566123,2575,-0.1880199918512534,0.05712094623424675,0.2302701340244824,-0.18801999185125343,1.0772590856569932,0.025906333062874178,0.40419677098161505,0.7324916952747905,-0.005488396089873157,-0.023834598060769915,-0.10350711854901608,-0.18649490129822746,-0.18060285895927297
797,0.25,0.25,0,FALSE,0,167,1e4,797,0.25,-0.25,NA,150,0.007116138362083108,1.0483717146107085,0.2504,0.5754413802377242,0.020115127293133955,0.20257549754243853,0.8985501908307467,-0.21261711636607228,2504,-0.21326252730854964,0.06664090815791797,0.2557806232148891,-0.2132625273085493,1.0186045796775403,-0.004273290243163399,0.6580942862370958,0.7510190408974886,-6.394896384363996e-4,-0.002500148879139859,-0.00977458279566161,-0.2203786656706324,-0.21523450789472587
797,0.25,0.25,0,FALSE,0,167,1e4,797,0.25,-0.25,NA,151,0.01128459985634546,1.0715288011584543,0.247,0.5846094165846735,0.024009290140880064,0.22321781347845368,0.8897304001416438,-0.19123724670882494,2470,-0.20492816722188556,0.06466249720632887,0.2527962415927373,-0.2049281672218854,1.0118386091451905,0.06815010354008197,0.865766543224811,0.7943948124110107,-0.013610592315759288,-0.053840168785762185,-0.21297851758611347,-0.21621276707823084,-0.20887160816531888
797,0.25,0.25,0,FALSE,0,167,1e4,797,0.25,-0.25,NA,152,0.02237978876165859,1.0675918789711865,0.2522,0.5702434516347079,0.017367910809505477,0.1873144604494352,0.9055185861493049,-0.15719393868661388,2522,-0.1706990607365483,0.06035643335033618,0.2406877036390842,-0.17069906073654817,1.0418753455848488,0.07060797304995026,0.5547113370770156,0.8193154117175586,-0.013230937952354565,-0.05497139136029403,-0.22839301937387163,-0.19307884949820675,-0.18686676686036197
797,0.25,0.25,0,FALSE,0,167,1e4,797,0.25,-0.25,NA,153,-0.008687173454798676,1.0623474022823285,0.2535,0.5718919454495733,0.018402746633803636,0.1923967693650628,0.9024548379319132,-0.19167249324726907,2535,-0.2010490299724362,0.0671977634804904,0.2576879105342173,-0.20104902997243587,1.0119678860303927,0.04341297315211781,0.5921360052035181,0.7741209737715085,-0.009320926719523077,-0.03617137761798643,-0.14036893520925725,-0.1923618565176372,-0.18663181505540183
797,0.25,0.25,0,FALSE,0,167,1e4,797,0.25,-0.25,NA,154,0.006485405717392295,1.0533565861890954,0.2532,0.5785842395696097,0.020206220251741215,0.20187430256479508,0.8977708531811878,-0.16161306591011085,2532,-0.1795356996336319,0.04742182068532696,0.21294155162323986,-0.1795356996336321,1.0458210897481146,0.0906979595875648,0.6753277468828376,0.8044441934502776,-0.01752560954152279,-0.08230244124702853,-0.3865024961997424,-0.1860211053510244,-0.1812485384201892
797,0.25,0.25,0,FALSE,0,167,1e4,797,0.25,-0.25,NA,155,-0.009103818106798346,1.053771206576414,0.2541,0.5804305567800553,0.02283768425356516,0.21424878058999736,0.8911187697041634,-0.19209638241451096,2541,-0.20178842035663347,0.07334134643110422,0.2618438324872729,-0.2017884203566332,1.0697053818939704,0.04893316226349261,0.7693830375165085,0.7414822184626512,-0.009370936936427402,-0.03578826679785511,-0.1366779062844439,-0.19268460224983486,-0.1877041380503491
797,0.25,0.25,0,FALSE,0,167,1e4,797,0.25,-0.25,NA,156,-0.012671175107545576,1.0602516811977538,0.2512,0.5678580686635772,0.015036391734529113,0.17470789636398756,0.9122267528667327,-0.18436336879352586,2512,-0.18924784118483517,0.053829126455333144,0.2228580663405919,-0.18924784118483529,1.08382862288716,0.018474303555705698,0.47087413254961724,0.7258667771985405,-0.004691776882976906,-0.021052757748541654,-0.09446711126159965,-0.17657666607728972,-0.17148606218686255
797,0.25,0.25,0,FALSE,0,167,1e4,797,0.25,-0.25,NA,157,-0.012790816660485576,1.0704330004931735,0.2457,0.5767850270037729,0.02012781765599538,0.2047860899046176,0.8993681154208709,-0.21456101072033842,2457,-0.2183712583084336,0.05496986888791914,0.23029547219403235,-0.2183712583084334,1.0364632364862707,0.02169711864185263,0.7309681927570675,0.676211810229055,-0.003742624409447233,-0.016251402486514955,-0.0705676161658209,-0.20558044164794784,-0.19870191375646154
797,0.25,0.25,0,FALSE,0,167,1e4,797,0.25,-0.25,NA,158,0.0020985671739981336,1.0717161601688403,0.2518,0.5726659789690651,0.018688175051335538,0.1946081061311223,0.9019953577523668,-0.19083119011058525,2518,-0.2124987673947244,0.069656145782148,0.25422173113261337,-0.21249876739472467,1.0777898687493452,0.10242508126060898,0.6281739943805892,0.7514276407943424,-0.02087100229507468,-0.08209763265354934,-0.32293711590974716,-0.21459733456872282,-0.20729290308190132
797,0.25,0.25,0,FALSE,0,167,1e4,797,0.25,-0.25,NA,159,0.00870447465120835,1.0585232690800703,0.2531,0.5631533821952017,0.014236400640882229,0.16915735910531246,0.9143725448208908,-0.22792343125746797,2531,-0.23335491036126277,0.06914084123095028,0.2542101824552659,-0.2333549103612636,1.0699137639964424,0.027183596937021055,0.44743152517235024,0.7975465562376003,-0.005251020644809342,-0.02065621681276823,-0.08125644934149388,-0.24205938501247196,-0.23527279988569902
797,0.25,0.25,0,FALSE,0,167,1e4,797,0.25,-0.25,NA,160,-0.008886447496628546,1.0511149465955532,0.2557,0.56645762652107,0.015041961397619152,0.17302183980678418,0.9115166311228106,-0.182709159279825,2557,-0.18049877732260766,0.046653816220121776,0.21879354906538015,-0.18049877732260783,0.9745814663378989,-0.008414001341486994,0.4542502108799587,0.7630898986885339,0.002239021443048753,0.010233489298990648,0.046772353859174644,-0.1716123298259793,-0.16738763816718027
797,0.25,0.25,0,FALSE,0,167,1e4,797,0.25,-0.25,NA,161,-0.00531621351061458,1.0781982151402627,0.2494,0.5727244187008051,0.01777350457405812,0.1908252364787751,0.9048163720443869,-0.17695795788368868,2494,-0.18820129528321353,0.06972916839460332,0.2559535140502243,-0.18820129528321367,1.0643691854760875,0.05139474148816434,0.5750957094083717,0.7869449490878503,-0.01089805755373748,-0.04257826892581368,-0.16635157006462814,-0.18288508177259907,-0.17612823238106967
797,0.25,0.25,0,FALSE,0,167,1e4,797,0.25,-0.25,NA,162,-0.0015982139278707679,1.078107509874809,0.2479,0.5697647769518174,0.016307690176620156,0.18331064459878946,0.9091145824079202,-0.17829840942852626,2479,-0.19525836488312534,0.06970927740927702,0.2549594154371157,-0.19525836488312487,1.0723794215838478,0.0889422578737358,0.5639311826398736,0.7590844956793628,-0.01637760798053386,-0.06423613716110556,-0.251946518825264,-0.1936601509552541,-0.18651305273283708
797,0.25,0.25,0,FALSE,0,167,1e4,797,0.25,-0.25,NA,163,7.988758611937428e-4,1.0385668111737292,0.2478,0.5664790062145391,0.015578101872231916,0.17904699584926848,0.9112643088571025,-0.16184477697126762,2478,-0.1643583893067026,0.04801436786544143,0.21401832391053532,-0.1643583893067025,1.048260686279959,0.018347979849485895,0.5258396457553631,0.805171688559694,-0.002455068701753807,-0.011471301414266206,-0.05359962270829426,-0.16515726516789622,-0.16206172706337488
797,0.25,0.25,0,FALSE,0,167,1e4,797,0.25,-0.25,NA,164,0.0010471171103264437,1.0650976515147945,0.2455,0.5757621548374384,0.020768970757155537,0.2081709059534192,0.8977880851768711,-0.18768213037572987,2455,-0.196640451537685,0.07119755060662314,0.2585672718585848,-0.19664045153768536,1.0649223614268049,0.043137825322530673,0.7316646259333853,0.8371566322037735,-0.00868095799696148,-0.03357330544798901,-0.12984360010709656,-0.19768756864801182,-0.19155109833433076
797,0.25,0.25,0,FALSE,0,167,1e4,797,0.25,-0.25,NA,165,-0.00701421583992742,1.0437380061152983,0.2469,0.575747931904413,0.019551094202098912,0.20132432598843097,0.9005860478269128,-0.1898046873693415,2469,-0.20878500837709132,0.05628684414619672,0.2321842823897433,-0.20878500837709146,1.0440980040592254,0.0901689679671251,0.6623765459876384,0.8164311413694425,-0.01857517527537207,-0.08000186353782503,-0.34456192604602887,-0.20177079253716404,-0.19749793128058316
797,0.25,0.25,0,FALSE,0,167,1e4,797,0.25,-0.25,NA,166,0.0073755390759914965,1.0762812073059462,0.2497,0.5737996885079902,0.019261407510804893,0.19841403127466362,0.9009120327814331,-0.1702792146074449,2497,-0.17728716247909587,0.08448258709127712,0.2855045948911549,-0.17728716247909596,1.0364324462182504,0.03335616139364767,0.6673680915664209,0.805565106801696,-0.0068836750754012995,-0.02411055793349181,-0.0844489313479654,-0.18466270155508746,-0.17799848513670194
797,0.25,0.25,0,FALSE,0,167,1e4,797,0.25,-0.25,NA,167,-0.0187511213166707,1.0543101551938965,0.2436,0.5783674711427998,0.01988363527363071,0.20440032502155628,0.9004161616494978,-0.21334795419619382,2436,-0.2181469235653234,0.05870083142056609,0.2373551744323322,-0.2181469235653241,1.041949917530085,0.026094961690052453,0.719319442866034,0.7823589119883617,-0.004701371341296483,-0.01980732609912745,-0.08345015501136394,-0.19939580224865341,-0.19419221539184064
